000000
000001
000003
000004
000005
000007
000008
000009
000010
000011
000012
000013
000014
000016
000017
000018
000019
000020
000022
000023
000024
000025
000026
000027
000028
000029
000030
000032
000033
000034
000035
000036
000037
000038
000039
000040
000041
000042
000043
000044
000045
000046
000047
000048
000049
000051
000052
000053
000054
000055
000056
000057
000059
000060
000062
000063
000064
000066
000067
000068
000069
000070
000071
000072
000073
000074
000075
000077
000079
000080
000082
000083
000084
000085
000086
000087
000088
000089
000091
000092
000095
000096
000097
000098
000099
000100
000101
000102
000103
000104
000105
000106
000108
000109
000110
000111
000112
000113
000114
000115
000118
000119
000120
000121
000122
000123
000125
000126
000127
000128
000129
000130
000131
000133
000135
000136
000138
000139
000141
000142
000144
000145
000146
000148
000149
000150
000152
000154
000155
000156
000157
000158
000159
000160
000161
000162
000163
000164
000165
000166
000167
000168
000171
000172
000173
000174
000176
000177
000178
000179
000180
000181
000182
000184
000185
000188
000189
000190
000191
000193
000194
000195
000196
000197
000198
000200
000201
000202
000204
000205
000206
000208
000209
000210
000211
000214
000215
000216
000217
000218
000219
000220
000221
000222
000223
000225
000226
000227
000228
000232
000233
000234
000235
000236
000237
000238
000240
000241
000242
000243
000244
000245
000247
000250
000251
000252
000253
000254
000255
000256
000257
000258
000259
000260
000261
000264
000267
000268
000270
000271
000272
000273
000274
000275
000276
000277
000278
000279
000280
000282
000284
000285
000286
000287
000288
000289
000290
000292
000293
000294
000295
000296
000298
000299
000300
000301
000302
000303
000304
000305
000306
000307
000308
000310
000312
000313
000314
000316
000317
000318
000319
000320
000321
000322
000323
000324
000325
000326
000327
000330
000331
000333
000334
000335
000337
000338
000339
000340
000341
000342
000343
000344
000345
000346
000348
000349
000350
000351
000352
000353
000354
000356
000357
000358
000359
000361
000363
000364
000365
000367
000368
000369
000371
000373
000374
000375
000376
000380
000381
000382
000383
000384
000387
000388
000389
000390
000391
000392
000393
000396
000397
000399
000400
000402
000405
000406
000407
000408
000409
000410
000411
000412
000415
000416
000417
000418
000420
000421
000422
000423
000424
000425
000426
000427
000428
000431
000432
000433
000434
000435
000436
000437
000438
000439
000441
000442
000443
000444
000445
000446
000447
000449
000452
000453
000455
000456
000457
000458
000459
000460
000461
000462
000464
000465
000466
000467
000468
000469
000470
000471
000472
000473
000474
000476
000479
000481
000482
000483
000484
000485
000486
000487
000488
000490
000492
000493
000497
000500
000501
000502
000503
000504
000505
000507
000508
000509
000511
000512
000513
000514
000516
000517
000518
000519
000520
000521
000522
000523
000525
000526
000527
000529
000530
000531
000532
000533
000534
000535
000537
000538
000539
000540
000541
000542
000543
000544
000545
000546
000547
000548
000549
000550
000552
000553
000555
000556
000557
000559
000560
000561
000562
000563
000565
000566
000568
000570
000571
000572
000573
000574
000575
000576
000577
000578
000579
000580
000582
000583
000584
000585
000586
000587
000590
000591
000592
000593
000594
000595
000596
000597
000598
000599
000601
000602
000603
000604
000605
000606
000607
000608
000609
000610
000611
000614
000615
000616
000617
000618
000621
000622
000623
000625
000626
000627
000629
000630
000631
000632
000633
000635
000637
000638
000640
000641
000642
000643
000644
000645
000646
000647
000649
000651
000652
000653
000654
000655
000656
000657
000658
000661
000662
000663
000664
000665
000666
000667
000668
000669
000670
000671
000672
000673
000675
000676
000677
000678
000680
000681
000682
000683
000684
000685
000686
000687
000688
000689
000690
000691
000692
000693
000695
000696
000697
000701
000703
000704
000705
000707
000708
000709
000710
000711
000712
000713
000714
000715
000716
000717
000719
000720
000721
000723
000724
000725
000726
000727
000728
000729
000730
000731
000732
000733
000735
000738
000739
000741
000742
000743
000744
000745
000747
000749
000750
000751
000753
000754
000755
000756
000757
000758
000759
000760
000761
000762
000763
000764
000765
000767
000768
000770
000771
000772
000773
000775
000776
000777
000778
000780
000781
000783
000784
000785
000786
000787
000788
000789
000790
000791
000792
000793
000794
000795
000796
000797
000799
000800
000801
000804
000805
000806
000807
000808
000809
000810
000812
000813
000814
000815
000816
000817
000818
000819
000820
000821
000822
000824
000825
000826
000827
000828
000829
000830
000831
000832
000833
000834
000835
000836
000838
000839
000841
000842
000843
000844
000845
000846
000847
000848
000849
000851
000852
000853
000854
000855
000856
000857
000858
000860
000861
000862
000863
000864
000865
000866
000867
000868
000869
000870
000871
000872
000874
000876
000877
000878
000879
000880
000881
000882
000883
000884
000885
000886
000887
000888
000889
000890
000891
000892
000893
000894
000895
000896
000898
000899
000900
000901
000902
000903
000905
000906
000908
000909
000910
000911
000912
000913
000914
000915
000916
000917
000918
000919
000920
000921
000922
000923
000924
000925
000926
000927
000928
000929
000930
000933
000934
000935
000936
000937
000938
000939
000941
000942
000945
000946
000947
000948
000949
000950
000951
000952
000954
000955
000957
000958
000959
000960
000962
000963
000964
000965
000966
000967
000968
000970
000971
000972
000973
000975
000976
000977
000978
000980
000982
000984
000985
000986
000987
000989
000990
000991
000992
000993
000994
000995
000996
000997
000998
000999
001000
001001
001002
001003
001004
001005
001006
001007
001009
001010
001012
001013
001016
001017
001020
001022
001023
001024
001025
001026
001028
001029
001030
001031
001032
001033
001034
001035
001036
001038
001040
001041
001043
001044
001045
001047
001048
001049
001050
001051
001052
001053
001054
001055
001056
001057
001058
001059
001060
001061
001062
001063
001064
001065
001066
001069
001071
001072
001073
001074
001077
001079
001080
001081
001082
001084
001085
001086
001087
001089
001090
001091
001092
001093
001094
001096
001097
001098
001099
001100
001101
001102
001103
001104
001105
001108
001109
001110
001111
001112
001113
001114
001116
001117
001118
001119
001120
001121
001122
001123
001124
001126
001128
001129
001130
001131
001133
001134
001135
001136
001137
001138
001139
001140
001141
001142
001144
001145
001146
001147
001149
001150
001151
001154
001155
001156
001157
001158
001159
001160
001161
001162
001163
001164
001165
001166
001167
001168
001169
001170
001171
001174
001175
001176
001177
001179
001180
001181
001184
001185
001186
001187
001188
001190
001192
001193
001196
001197
001198
001199
001200
001201
001202
001204
001205
001206
001207
001208
001209
001210
001211
001212
001214
001215
001216
001219
001220
001221
001222
001223
001227
001229
001231
001232
001233
001234
001235
001236
001238
001239
001240
001245
001247
001248
001249
001250
001251
001252
001253
001254
001255
001256
001258
001260
001261
001262
001263
001264
001267
001270
001271
001273
001274
001276
001277
001278
001279
001280
001281
001282
001283
001284
001285
001286
001287
001288
001289
001290
001293
001294
001295
001297
001298
001299
001300
001301
001302
001303
001304
001305
001306
001309
001310
001311
001312
001313
001315
001316
001317
001318
001319
001320
001321
001322
001323
001324
001325
001326
001327
001328
001329
001330
001331
001335
001336
001338
001340
001341
001343
001344
001345
001346
001347
001348
001349
001350
001351
001353
001354
001356
001357
001358
001359
001360
001361
001362
001364
001365
001366
001367
001368
001369
001370
001371
001372
001373
001374
001375
001376
001378
001379
001380
001381
001383
001384
001385
001386
001387
001389
001390
001392
001393
001394
001396
001399
001400
001401
001402
001403
001404
001405
001406
001407
001408
001409
001411
001412
001413
001414
001417
001418
001419
001420
001422
001423
001424
001425
001426
001427
001428
001429
001430
001432
001433
001434
001435
001436
001437
001438
001439
001440
001441
001443
001444
001445
001446
001447
001449
001450
001451
001452
001453
001454
001455
001456
001457
001458
001459
001460
001461
001462
001463
001464
001465
001466
001467
001468
001470
001471
001472
001473
001474
001475
001476
001477
001479
001480
001481
001482
001483
001484
001486
001488
001489
001490
001491
001492
001493
001494
001496
001498
001499
001500
001501
001502
001503
001504
001505
001506
001507
001508
001509
001510
001511
001512
001514
001515
001518
001519
001520
001521
001522
001523
001524
001525
001527
001529
001530
001531
001532
001534
001535
001536
001537
001539
001540
001541
001542
001543
001544
001545
001546
001547
001548
001550
001551
001552
001553
001554
001556
001557
001558
001559
001560
001561
001563
001564
001565
001566
001567
001568
001569
001570
001571
001572
001574
001575
001576
001578
001580
001581
001582
001583
001584
001587
001588
001589
001591
001593
001595
001597
001598
001599
001600
001601
001602
001604
001607
001608
001609
001611
001612
001613
001614
001616
001618
001619
001620
001621
001622
001623
001624
001626
001627
001628
001629
001630
001631
001632
001633
001634
001635
001636
001637
001638
001639
001640
001641
001642
001643
001644
001645
001646
001648
001649
001651
001652
001653
001654
001655
001656
001657
001658
001659
001660
001661
001662
001663
001664
001665
001666
001668
001669
001670
001671
001672
001673
001674
001676
001677
001678
001679
001680
001681
001683
001685
001686
001687
001688
001690
001691
001692
001693
001694
001695
001696
001697
001698
001699
001700
001701
001702
001703
001704
001705
001708
001710
001711
001712
001714
001715
001716
001718
001720
001721
001722
001723
001724
001725
001727
001728
001730
001731
001732
001734
001735
001736
001737
001738
001739
001740
001742
001743
001744
001745
001746
001747
001748
001750
001753
001754
001756
001757
001759
001760
001761
001762
001763
001765
001766
001767
001769
001770
001771
001773
001774
001775
001776
001777
001778
001779
001782
001784
001785
001786
001788
001789
001790
001791
001792
001793
001794
001795
001796
001797
001798
001799
001800
001801
001802
001803
001805
001806
001808
001809
001810
001811
001812
001814
001815
001816
001817
001819
001820
001821
001822
001823
001824
001826
001827
001828
001829
001830
001832
001833
001834
001835
001836
001837
001838
001839
001841
001842
001843
001844
001845
001846
001847
001848
001849
001850
001851
001852
001854
001857
001858
001860
001862
001864
001865
001866
001867
001868
001869
001870
001871
001873
001874
001876
001877
001879
001880
001881
001882
001883
001884
001885
001889
001891
001892
001894
001895
001896
001898
001899
001900
001901
001902
001903
001904
001906
001907
001908
001909
001910
001911
001912
001913
001914
001915
001916
001917
001918
001920
001921
001922
001923
001924
001925
001929
001930
001932
001935
001937
001938
001939
001940
001942
001943
001944
001947
001948
001949
001950
001951
001953
001955
001956
001957
001958
001959
001961
001962
001963
001964
001965
001966
001967
001968
001970
001971
001972
001973
001974
001975
001976
001977
001979
001981
001984
001985
001986
001987
001988
001990
001991
001992
001993
001994
001997
001998
002000
002003
002004
002005
002006
002007
002009
002010
002012
002015
002016
002018
002019
002020
002023
002024
002026
002027
002029
002030
002031
002032
002033
002034
002035
002036
002037
002038
002039
002040
002041
002042
002043
002045
002046
002047
002049
002050
002051
002052
002053
002055
002058
002059
002060
002061
002063
002064
002065
002066
002067
002068
002069
002070
002071
002072
002073
002076
002077
002079
002080
002081
002083
002084
002085
002088
002089
002090
002092
002093
002095
002096
002097
002098
002099
002100
002103
002104
002105
002106
002107
002108
002109
002110
002111
002112
002113
002114
002116
002117
002118
002119
002121
002122
002124
002125
002126
002128
002129
002132
002133
002134
002135
002137
002139
002140
002141
002142
002143
002144
002145
002146
002147
002148
002149
002150
002151
002152
002153
002154
002155
002156
002157
002158
002159
002162
002163
002164
002165
002167
002168
002169
002170
002171
002172
002173
002174
002175
002176
002178
002179
002180
002181
002182
002184
002185
002186
002189
002190
002191
002192
002193
002194
002195
002197
002198
002199
002200
002201
002202
002203
002204
002205
002206
002207
002208
002209
002210
002211
002212
002213
002214
002217
002218
002221
002222
002223
002226
002227
002228
002229
002230
002231
002232
002233
002234
002235
002236
002237
002238
002240
002241
002242
002243
002244
002247
002248
002249
002251
002252
002253
002254
002256
002257
002258
002259
002261
002263
002264
002265
002267
002268
002269
002270
002271
002273
002274
002275
002277
002278
002279
002280
002281
002282
002285
002286
002287
002288
002289
002290
002291
002293
002294
002295
002296
002297
002298
002299
002301
002302
002305
002306
002308
002309
002310
002311
002312
002313
002316
002317
002318
002319
002320
002321
002322
002323
002324
002325
002326
002328
002329
002330
002331
002332
002333
002335
002336
002337
002339
002340
002342
002343
002345
002348
002349
002350
002351
002352
002354
002355
002356
002357
002358
002360
002361
002362
002363
002364
002365
002366
002367
002368
002369
002370
002371
002372
002373
002374
002375
002376
002377
002378
002379
002381
002382
002384
002385
002386
002388
002389
002390
002391
002392
002393
002394
002395
002396
002397
002399
002400
002401
002402
002403
002404
002405
002406
002407
002408
002409
002410
002411
002412
002413
002414
002415
002416
002417
002418
002420
002421
002423
002424
002425
002426
002427
002428
002429
002430
002431
002432
002434
002435
002436
002437
002438
002439
002440
002441
002442
002443
002444
002445
002447
002448
002449
002450
002451
002452
002453
002454
002455
002456
002457
002458
002459
002460
002462
002463
002464
002465
002466
002467
002468
002469
002470
002471
002472
002473
002474
002475
002476
002477
002480
002481
002482
002484
002485
002486
002487
002488
002489
002490
002491
002492
002493
002494
002495
002496
002497
002498
002499
002500
002501
002504
002506
002507
002508
002509
002510
002511
002512
002513
002514
002515
002516
002517
002518
002522
002523
002524
002526
002527
002528
002529
002533
002534
002535
002536
002537
002538
002539
002540
002542
002543
002544
002545
002547
002548
002549
002550
002551
002553
002554
002555
002556
002557
002558
002559
002560
002561
002565
002566
002567
002568
002569
002570
002571
002572
002573
002575
002576
002578
002579
002581
002582
002583
002585
002586
002587
002588
002589
002591
002592
002593
002595
002596
002597
002598
002599
002601
002603
002604
002605
002607
002608
002609
002610
002611
002612
002614
002615
002616
002617
002618
002620
002621
002622
002623
002624
002625
002626
002627
002628
002629
002630
002631
002632
002634
002635
002637
002638
002639
002640
002641
002642
002643
002644
002647
002648
002649
002650
002652
002653
002654
002655
002656
002657
002658
002659
002660
002662
002663
002664
002665
002667
002668
002670
002671
002672
002675
002676
002677
002678
002679
002681
002682
002683
002684
002685
002686
002687
002688
002689
002690
002691
002693
002694
002695
002696
002697
002698
002700
002701
002702
002703
002704
002705
002706
002707
002708
002709
002711
002712
002713
002714
002715
002716
002718
002719
002721
002723
002728
002729
002730
002731
002732
002733
002734
002735
002736
002737
002738
002739
002740
002741
002742
002743
002744
002745
002746
002750
002751
002752
002754
002755
002756
002758
002759
002762
002763
002764
002765
002766
002767
002768
002769
002770
002771
002772
002773
002774
002776
002777
002778
002779
002780
002781
002782
002783
002784
002785
002787
002788
002789
002790
002791
002792
002793
002795
002796
002797
002798
002799
002800
002801
002802
002803
002804
002807
002808
002809
002810
002811
002813
002814
002816
002817
002818
002819
002820
002821
002822
002823
002824
002825
002828
002829
002831
002832
002834
002835
002836
002837
002838
002839
002842
002843
002844
002845
002846
002847
002849
002850
002851
002852
002853
002854
002855
002857
002859
002860
002861
002862
002863
002864
002865
002867
002868
002869
002870
002871
002872
002873
002874
002876
002878
002882
002883
002884
002886
002887
002888
002890
002894
002895
002896
002897
002898
002899
002900
002902
002903
002904
002905
002906
002907
002908
002909
002910
002912
002913
002914
002915
002916
002917
002918
002919
002920
002921
002922
002923
002924
002925
002926
002927
002928
002929
002931
002932
002933
002935
002936
002938
002939
002940
002941
002943
002944
002945
002946
002947
002948
002949
002950
002951
002952
002953
002954
002956
002957
002958
002959
002960
002961
002962
002963
002965
002967
002968
002969
002970
002971
002972
002973
002975
002976
002977
002978
002980
002981
002982
002983
002986
002987
002988
002989
002990
002992
002996
002997
002998
003000
003001
003002
003005
003006
003008
003009
003012
003013
003014
003015
003016
003017
003018
003019
003020
003021
003023
003024
003026
003027
003028
003029
003030
003031
003032
003034
003035
003036
003037
003038
003039
003040
003041
003042
003044
003045
003046
003048
003049
003050
003051
003052
003054
003056
003057
003059
003060
003062
003063
003064
003065
003067
003068
003069
003070
003072
003073
003075
003077
003078
003079
003080
003081
003082
003083
003084
003085
003086
003088
003089
003091
003092
003093
003094
003095
003097
003098
003100
003102
003103
003104
003105
003107
003108
003109
003111
003112
003113
003115
003116
003117
003118
003119
003120
003121
003122
003123
003125
003126
003128
003129
003130
003131
003132
003133
003135
003136
003137
003138
003139
003140
003141
003142
003143
003145
003146
003147
003148
003149
003150
003151
003152
003154
003155
003156
003157
003158
003159
003160
003161
003163
003164
003166
003168
003169
003171
003173
003174
003175
003176
003178
003180
003182
003183
003184
003185
003186
003187
003188
003189
003190
003191
003192
003193
003194
003195
003196
003198
003199
003200
003201
003202
003203
003204
003205
003206
003208
003209
003210
003212
003213
003215
003218
003219
003220
003221
003222
003223
003224
003225
003226
003227
003228
003230
003231
003232
003233
003234
003235
003237
003238
003240
003241
003242
003243
003244
003245
003246
003247
003248
003249
003251
003253
003256
003257
003258
003259
003260
003261
003262
003263
003264
003265
003267
003268
003269
003270
003271
003273
003274
003275
003277
003278
003279
003281
003282
003283
003284
003285
003286
003287
003289
003290
003291
003292
003293
003294
003295
003297
003299
003302
003303
003304
003305
003306
003307
003308
003309
003311
003314
003317
003318
003319
003320
003321
003322
003325
003326
003327
003328
003329
003330
003331
003332
003333
003334
003335
003336
003338
003339
003340
003341
003342
003343
003344
003345
003346
003348
003349
003350
003351
003354
003356
003357
003358
003359
003360
003361
003362
003363
003365
003366
003367
003368
003369
003370
003371
003372
003374
003376
003377
003378
003380
003381
003382
003383
003384
003385
003387
003388
003389
003390
003391
003392
003393
003394
003397
003398
003399
003400
003403
003405
003409
003410
003413
003414
003415
003416
003417
003418
003419
003420
003422
003423
003424
003426
003427
003429
003430
003431
003432
003433
003434
003436
003437
003438
003439
003440
003441
003442
003444
003445
003446
003447
003448
003450
003451
003452
003454
003455
003457
003458
003459
003460
003461
003462
003463
003465
003468
003470
003472
003473
003475
003476
003477
003478
003479
003480
003482
003483
003485
003486
003487
003488
003489
003491
003493
003494
003498
003499
003500
003501
003502
003505
003507
003508
003509
003510
003511
003512
003513
003514
003516
003518
003519
003522
003523
003524
003525
003526
003527
003529
003530
003531
003532
003533
003534
003535
003536
003537
003538
003540
003541
003542
003545
003546
003547
003548
003549
003550
003551
003552
003554
003555
003556
003557
003559
003560
003561
003563
003564
003565
003566
003567
003569
003570
003572
003573
003574
003575
003576
003577
003578
003579
003581
003584
003585
003586
003587
003588
003589
003590
003591
003592
003593
003594
003595
003596
003597
003598
003599
003600
003601
003602
003603
003605
003606
003607
003608
003609
003610
003611
003612
003613
003614
003615
003617
003619
003620
003624
003625
003626
003628
003629
003632
003634
003636
003637
003638
003639
003640
003641
003642
003643
003644
003646
003647
003648
003650
003651
003652
003654
003655
003656
003657
003659
003660
003661
003662
003663
003664
003665
003666
003667
003668
003670
003672
003673
003674
003675
003676
003677
003679
003680
003681
003682
003683
003685
003686
003687
003688
003690
003692
003693
003694
003695
003696
003697
003698
003699
003700
003701
003702
003703
003704
003706
003708
003709
003710
003711
003712
003713
003714
003716
003717
003719
003720
003721
003722
003723
003724
003725
003726
003727
003729
003730
003731
003732
003733
003734
003735
003736
003738
003739
003740
003741
003742
003743
003744
003745
003747
003749
003750
003751
003752
003754
003755
003756
003757
003758
003759
003760
003761
003762
003764
003765
003766
003767
003768
003770
003772
003773
003774
003776
003777
003780
003781
003782
003783
003784
003785
003786
003787
003788
003789
003790
003791
003792
003793
003794
003795
003796
003797
003799
003801
003802
003803
003805
003806
003807
003810
003811
003812
003813
003814
003815
003816
003817
003818
003819
003820
003821
003823
003824
003825
003826
003828
003829
003830
003831
003832
003833
003835
003836
003838
003839
003840
003842
003843
003844
003845
003846
003847
003848
003849
003850
003851
003852
003853
003854
003855
003857
003858
003859
003860
003861
003862
003863
003865
003867
003868
003869
003871
003874
003875
003876
003877
003878
003879
003880
003881
003882
003883
003884
003886
003887
003888
003889
003890
003892
003893
003894
003895
003896
003897
003898
003899
003900
003903
003904
003905
003906
003907
003908
003909
003910
003911
003912
003913
003914
003915
003916
003917
003918
003919
003920
003921
003922
003924
003925
003926
003927
003928
003929
003930
003931
003933
003934
003935
003936
003937
003938
003939
003940
003941
003942
003944
003946
003947
003948
003949
003950
003951
003952
003953
003954
003955
003956
003957
003958
003959
003960
003961
003963
003964
003966
003967
003968
003971
003972
003973
003974
003976
003978
003979
003981
003982
003983
003984
003985
003987
003988
003989
003990
003991
003992
003993
003994
003995
003997
003999
004000
004001
004002
004003
004004
004005
004006
004009
004010
004012
004013
004014
004015
004016
004017
004018
004019
004020
004021
004022
004023
004024
004025
004026
004027
004029
004030
004031
004032
004033
004034
004035
004036
004037
004038
004039
004040
004042
004043
004044
004046
004047
004049
004050
004051
004052
004053
004054
004055
004056
004057
004058
004060
004062
004063
004065
004066
004067
004068
004069
004070
004071
004073
004075
004076
004077
004078
004079
004080
004081
004082
004084
004085
004086
004087
004088
004090
004091
004093
004094
004095
004097
004098
004099
004100
004102
004103
004104
004105
004106
004107
004108
004110
004112
004113
004114
004115
004116
004122
004123
004125
004127
004129
004130
004131
004132
004133
004134
004135
004136
004137
004139
004140
004141
004143
004144
004145
004146
004147
004148
004151
004154
004155
004157
004158
004159
004161
004164
004165
004166
004167
004168
004169
004170
004173
004174
004175
004176
004177
004178
004179
004180
004181
004182
004183
004184
004185
004186
004187
004190
004192
004193
004194
004195
004197
004198
004199
004200
004201
004203
004204
004205
004207
004208
004209
004210
004211
004212
004213
004215
004216
004217
004218
004219
004220
004224
004225
004226
004227
004228
004229
004230
004231
004233
004234
004235
004236
004238
004239
004240
004241
004244
004245
004246
004247
004248
004252
004253
004254
004257
004258
004259
004260
004261
004262
004264
004265
004266
004267
004268
004269
004270
004271
004272
004273
004274
004275
004276
004278
004279
004282
004283
004285
004286
004287
004288
004290
004291
004292
004293
004296
004297
004298
004299
004301
004302
004304
004305
004306
004307
004308
004309
004310
004311
004313
004314
004315
004316
004317
004319
004320
004321
004322
004323
004325
004326
004327
004328
004329
004330
004331
004332
004333
004334
004337
004339
004341
004342
004343
004344
004345
004346
004347
004348
004349
004351
004352
004353
004354
004355
004356
004357
004358
004359
004361
004365
004366
004367
004370
004371
004372
004375
004376
004377
004378
004379
004380
004381
004382
004383
004384
004386
004387
004389
004390
004392
004393
004394
004395
004396
004397
004398
004399
004400
004403
004404
004405
004408
004409
004410
004411
004412
004413
004414
004416
004417
004418
004420
004423
004425
004426
004427
004428
004429
004431
004432
004433
004434
004436
004439
004440
004441
004442
004445
004446
004447
004448
004449
004450
004451
004452
004453
004455
004456
004457
004459
004461
004462
004463
004464
004465
004466
004467
004468
004469
004470
004471
004472
004473
004474
004475
004476
004477
004478
004479
004480
004481
004484
004485
004486
004487
004488
004489
004492
004493
004495
004497
004498
004499
004500
004501
004502
004503
004504
004505
004506
004507
004508
004509
004510
004512
004514
004515
004517
004518
004519
004521
004522
004523
004524
004525
004526
004527
004531
004532
004533
004535
004536
004537
004538
004539
004540
004541
004543
004544
004545
004546
004548
004549
004550
004551
004552
004553
004554
004555
004557
004558
004559
004560
004561
004562
004563
004564
004565
004566
004567
004570
004571
004572
004574
004575
004576
004577
004579
004580
004582
004583
004584
004585
004586
004587
004588
004590
004592
004593
004594
004595
004597
004598
004600
004601
004602
004604
004605
004606
004607
004611
004612
004613
004614
004616
004617
004618
004619
004621
004623
004624
004625
004626
004627
004628
004630
004631
004632
004633
004635
004637
004638
004639
004640
004641
004642
004643
004645
004646
004647
004648
004649
004652
004653
004654
004655
004656
004658
004659
004661
004662
004663
004664
004667
004668
004669
004670
004671
004672
004673
004674
004675
004676
004677
004678
004679
004681
004684
004685
004686
004687
004688
004690
004691
004695
004696
004697
004699
004700
004701
004702
004703
004704
004707
004708
004709
004710
004711
004712
004713
004714
004716
004717
004718
004719
004723
004724
004727
004728
004729
004731
004732
004733
004736
004737
004740
004741
004744
004745
004747
004748
004749
004750
004751
004752
004753
004754
004755
004756
004757
004758
004760
004761
004763
004764
004765
004766
004767
004768
004769
004771
004772
004774
004775
004776
004777
004778
004779
004780
004781
004782
004784
004785
004786
004788
004789
004791
004793
004794
004795
004796
004797
004798
004800
004801
004802
004803
004804
004805
004806
004807
004808
004809
004811
004812
004815
004816
004817
004818
004819
004820
004821
004822
004823
004824
004825
004826
004827
004828
004829
004830
004832
004833
004834
004835
004836
004837
004838
004839
004840
004841
004842
004843
004844
004845
004846
004847
004850
004851
004853
004854
004855
004856
004857
004858
004860
004861
004862
004863
004865
004866
004867
004869
004870
004871
004872
004873
004874
004875
004876
004877
004878
004879
004880
004882
004883
004884
004885
004886
004887
004888
004889
004890
004891
004894
004896
004897
004899
004900
004901
004902
004903
004904
004906
004907
004908
004910
004911
004912
004913
004915
004916
004919
004920
004921
004922
004923
004924
004925
004927
004929
004930
004932
004933
004934
004936
004937
004938
004939
004940
004941
004942
004943
004944
004945
004946
004947
004948
004949
004950
004951
004952
004953
004954
004955
004957
004958
004959
004960
004961
004962
004964
004965
004967
004968
004969
004970
004971
004972
004973
004974
004975
004977
004978
004979
004980
004981
004982
004984
004987
004989
004990
004991
004992
004993
004996
004997
005000
005003
005005
005006
005007
005009
005010
005011
005012
005013
005014
005015
005016
005018
005020
005022
005023
005024
005025
005026
005027
005029
005030
005031
005032
005033
005035
005036
005037
005039
005040
005042
005043
005044
005046
005047
005048
005050
005051
005052
005053
005054
005055
005056
005057
005058
005059
005060
005061
005064
005065
005066
005068
005069
005071
005073
005074
005076
005077
005080
005081
005082
005083
005084
005085
005086
005087
005088
005089
005090
005091
005092
005095
005096
005097
005098
005099
005100
005102
005103
005104
005105
005106
005107
005108
005110
005111
005113
005114
005115
005116
005117
005118
005119
005120
005121
005123
005125
005126
005128
005129
005130
005131
005132
005134
005135
005137
005138
005139
005140
005141
005142
005143
005144
005145
005146
005148
005149
005150
005151
005152
005153
005154
005158
005159
005160
005161
005162
005164
005165
005168
005169
005171
005173
005176
005177
005178
005180
005182
005183
005185
005186
005187
005189
005190
005192
005193
005194
005195
005196
005197
005200
005201
005202
005203
005204
005205
005206
005207
005208
005209
005210
005211
005212
005213
005214
005215
005216
005217
005218
005219
005220
005221
005222
005223
005224
005225
005228
005231
005232
005233
005234
005235
005237
005238
005239
005241
005243
005244
005245
005246
005247
005248
005250
005252
005253
005254
005255
005256
005257
005258
005259
005261
005262
005263
005264
005265
005266
005268
005269
005270
005272
005273
005274
005275
005277
005278
005280
005281
005283
005285
005286
005288
005290
005291
005293
005294
005295
005296
005298
005300
005301
005302
005303
005304
005305
005306
005308
005310
005311
005313
005314
005317
005319
005320
005321
005322
005323
005324
005325
005326
005327
005330
005331
005332
005334
005337
005339
005340
005344
005346
005348
005349
005351
005352
005353
005354
005355
005356
005357
005358
005361
005362
005364
005365
005367
005369
005370
005373
005374
005376
005378
005380
005382
005383
005384
005386
005387
005388
005389
005390
005392
005393
005394
005395
005396
005397
005398
005399
005400
005401
005402
005403
005406
005407
005408
005409
005410
005411
005412
005413
005414
005415
005416
005417
005418
005419
005420
005421
005422
005423
005424
005425
005426
005427
005428
005430
005431
005432
005433
005434
005435
005436
005437
005438
005439
005440
005442
005443
005444
005445
005446
005447
005448
005449
005451
005453
005454
005455
005456
005457
005461
005462
005463
005464
005465
005467
005468
005469
005470
005473
005475
005477
005478
005479
005480
005481
005482
005483
005485
005486
005487
005488
005490
005491
005492
005493
005494
005495
005496
005497
005498
005499
005500
005501
005502
005503
005504
005505
005506
005507
005508
005509
005511
005512
005513
005514
005515
005516
005517
005518
005519
005520
005521
005522
005523
005524
005525
005526
005527
005528
005529
005530
005533
005534
005535
005537
005538
005539
005540
005541
005542
005543
005544
005545
005547
005548
005549
005550
005552
005553
005554
005555
005557
005561
005562
005563
005564
005565
005567
005568
005569
005570
005571
005574
005575
005577
005578
005579
005580
005583
005584
005585
005587
005588
005589
005591
005592
005593
005594
005595
005596
005597
005598
005599
005601
005604
005605
005606
005607
005608
005609
005610
005611
005612
005613
005614
005615
005617
005618
005620
005621
005622
005623
005624
005625
005626
005627
005628
005629
005632
005633
005636
005637
005638
005639
005640
005641
005642
005643
005644
005645
005646
005647
005648
005649
005651
005654
005655
005656
005657
005659
005661
005663
005664
005665
005666
005667
005670
005671
005672
005673
005674
005675
005676
005678
005679
005680
005681
005682
005683
005684
005685
005686
005687
005688
005689
005690
005691
005692
005693
005694
005695
005696
005697
005699
005700
005701
005702
005703
005704
005705
005706
005709
005710
005711
005712
005713
005714
005715
005716
005718
005719
005720
005721
005722
005723
005724
005725
005726
005728
005730
005731
005732
005733
005734
005737
005738
005739
005742
005743
005745
005746
005747
005748
005749
005750
005752
005753
005755
005756
005757
005758
005759
005761
005763
005764
005765
005766
005767
005768
005769
005770
005771
005772
005773
005774
005775
005776
005777
005778
005779
005780
005781
005783
005784
005785
005788
005789
005790
005791
005792
005794
005795
005797
005798
005799
005801
005802
005803
005804
005805
005806
005807
005808
005809
005810
005812
005813
005814
005815
005816
005817
005821
005822
005823
005824
005825
005826
005827
005828
005830
005831
005832
005833
005834
005835
005836
005837
005838
005840
005841
005842
005843
005844
005845
005846
005847
005848
005849
005850
005851
005852
005853
005854
005855
005856
005857
005858
005859
005860
005861
005862
005863
005864
005865
005866
005867
005868
005869
005870
005871
005872
005874
005875
005876
005877
005878
005880
005882
005883
005884
005885
005886
005887
005888
005890
005891
005893
005894
005895
005896
005897
005898
005899
005900
005901
005902
005903
005904
005905
005906
005908
005909
005913
005914
005915
005917
005918
005919
005920
005921
005923
005924
005927
005928
005929
005930
005931
005932
005933
005934
005935
005936
005937
005938
005940
005941
005942
005943
005944
005945
005946
005949
005950
005951
005953
005954
005955
005956
005957
005958
005959
005960
005962
005964
005966
005967
005968
005969
005971
005972
005973
005974
005975
005976
005977
005978
005979
005980
005982
005983
005984
005985
005987
005988
005989
005990
005991
005992
005993
005994
005995
005997
005998
006000
006001
006002
006003
006004
006005
006006
006007
006008
006009
006010
006011
006012
006013
006014
006015
006016
006017
006018
006019
006020
006021
006022
006025
006027
006028
006029
006030
006032
006033
006035
006037
006039
006040
006042
006043
006044
006045
006047
006048
006049
006051
006053
006054
006055
006056
006057
006058
006059
006060
006063
006064
006065
006066
006068
006069
006070
006072
006073
006075
006076
006077
006079
006080
006081
006082
006084
006085
006086
006087
006088
006089
006090
006091
006092
006094
006095
006096
006098
006099
006101
006102
006103
006104
006105
006106
006107
006108
006109
006111
006112
006113
006115
006117
006119
006120
006124
006125
006127
006128
006129
006130
006131
006132
006133
006134
006135
006137
006138
006140
006141
006142
006143
006145
006147
006149
006150
006151
006152
006153
006155
006157
006158
006159
006160
006162
006164
006165
006166
006167
006169
006170
006171
006172
006173
006174
006175
006176
006177
006178
006179
006180
006181
006182
006183
006184
006188
006189
006190
006191
006192
006193
006196
006197
006198
006199
006200
006201
006202
006203
006204
006205
006206
006207
006208
006209
006211
006212
006214
006216
006217
006218
006219
006220
006221
006223
006224
006225
006226
006227
006228
006229
006230
006231
006234
006235
006236
006237
006239
006241
006242
006243
006245
006246
006248
006250
006251
006252
006253
006254
006255
006256
006257
006258
006259
006260
006261
006262
006263
006264
006266
006267
006268
006270
006271
006272
006273
006274
006275
006276
006277
006278
006279
006280
006281
006283
006284
006285
006287
006288
006289
006290
006291
006292
006293
006294
006295
006296
006298
006299
006300
006301
006303
006304
006306
006307
006308
006309
006310
006311
006312
006313
006316
006317
006318
006319
006320
006323
006325
006326
006327
006328
006329
006330
006331
006333
006335
006336
006337
006340
006341
006342
006346
006347
006349
006350
006351
006352
006357
006358
006359
006360
006361
006362
006363
006364
006365
006367
006368
006370
006371
006372
006373
006374
006375
006376
006377
006378
006382
006383
006384
006385
006386
006387
006388
006389
006390
006391
006392
006393
006394
006395
006397
006398
006399
006400
006401
006402
006403
006404
006405
006406
006407
006408
006409
006410
006412
006413
006414
006415
006416
006417
006418
006419
006420
006421
006422
006425
006426
006427
006428
006429
006430
006431
006432
006434
006437
006438
006439
006442
006443
006447
006448
006449
006450
006452
006455
006456
006457
006458
006459
006460
006461
006462
006463
006465
006466
006467
006468
006469
006471
006472
006474
006475
006476
006477
006478
006479
006480
006481
006485
006486
006487
006489
006490
006491
006492
006494
006495
006496
006497
006498
006499
006500
006501
006502
006503
006504
006505
006506
006509
006510
006511
006512
006513
006514
006515
006516
006517
006518
006519
006522
006523
006526
006527
006528
006529
006530
006531
006532
006533
006536
006537
006538
006539
006540
006541
006543
006544
006545
006546
006547
006550
006551
006552
006554
006556
006557
006559
006562
006564
006566
006567
006568
006569
006570
006571
006572
006573
006574
006575
006576
006577
006578
006579
006580
006582
006584
006585
006586
006587
006588
006589
006590
006591
006594
006595
006597
006598
006599
006600
006601
006602
006603
006604
006605
006606
006607
006608
006609
006610
006611
006613
006614
006615
006616
006617
006619
006620
006621
006622
006623
006626
006627
006628
006630
006631
006634
006635
006637
006638
006639
006640
006641
006642
006643
006644
006645
006646
006647
006648
006649
006650
006651
006652
006653
006654
006655
006656
006657
006658
006659
006660
006661
006662
006663
006664
006665
006666
006668
006669
006670
006671
006672
006673
006674
006675
006676
006677
006678
006679
006680
006681
006683
006684
006687
006688
006689
006690
006691
006692
006693
006694
006695
006697
006698
006699
006700
006701
006702
006704
006705
006706
006707
006708
006709
006710
006711
006713
006714
006716
006717
006718
006719
006720
006721
006722
006724
006726
006727
006728
006729
006730
006731
006733
006734
006735
006736
006739
006740
006741
006742
006743
006744
006745
006746
006748
006749
006750
006751
006752
006753
006754
006755
006757
006758
006760
006761
006763
006765
006766
006767
006768
006769
006770
006771
006772
006773
006774
006775
006776
006779
006781
006784
006785
006787
006788
006790
006791
006792
006793
006794
006795
006797
006799
006800
006801
006802
006804
006805
006808
006809
006810
006811
006812
006813
006814
006815
006817
006818
006820
006821
006823
006824
006825
006826
006827
006828
006829
006830
006831
006832
006834
006835
006836
006837
006838
006839
006840
006842
006843
006844
006845
006846
006847
006848
006851
006852
006853
006855
006856
006857
006858
006859
006861
006862
006864
006865
006867
006869
006871
006873
006874
006875
006877
006878
006879
006880
006881
006883
006886
006888
006889
006890
006892
006893
006894
006896
006897
006900
006901
006902
006904
006905
006908
006909
006911
006912
006913
006914
006915
006916
006918
006919
006920
006921
006922
006923
006924
006925
006926
006927
006929
006930
006931
006932
006933
006934
006935
006936
006938
006939
006940
006941
006944
006946
006947
006948
006949
006950
006951
006952
006955
006956
006957
006958
006959
006961
006963
006964
006965
006966
006967
006969
006970
006971
006972
006974
006975
006976
006977
006979
006980
006983
006984
006985
006986
006987
006988
006990
006991
006992
006993
006994
006995
006996
006997
006998
007000
007001
007002
007004
007005
007006
007007
007009
007010
007011
007012
007013
007014
007015
007017
007018
007019
007020
007021
007024
007025
007026
007031
007033
007034
007035
007036
007039
007040
007041
007042
007043
007044
007045
007046
007047
007048
007049
007050
007051
007052
007054
007055
007057
007058
007060
007061
007062
007063
007064
007065
007066
007068
007070
007071
007072
007073
007074
007075
007076
007077
007078
007080
007082
007083
007084
007086
007087
007088
007089
007090
007091
007092
007093
007094
007095
007096
007097
007098
007099
007100
007101
007102
007103
007104
007105
007106
007107
007108
007111
007113
007114
007115
007116
007117
007118
007119
007121
007123
007124
007126
007127
007128
007129
007130
007132
007133
007134
007135
007136
007137
007138
007140
007141
007142
007143
007145
007147
007148
007149
007150
007151
007152
007153
007155
007156
007158
007159
007160
007161
007162
007166
007167
007169
007170
007171
007172
007173
007174
007175
007177
007178
007179
007180
007181
007182
007183
007184
007185
007186
007187
007188
007189
007190
007191
007192
007193
007195
007196
007197
007198
007203
007204
007205
007206
007208
007209
007210
007211
007212
007213
007214
007215
007216
007218
007219
007220
007221
007222
007223
007224
007226
007227
007228
007229
007231
007233
007234
007236
007237
007238
007239
007240
007241
007242
007243
007245
007246
007247
007248
007249
007250
007251
007253
007254
007255
007257
007258
007259
007260
007261
007262
007263
007264
007267
007268
007269
007270
007271
007273
007275
007276
007277
007279
007281
007282
007284
007285
007286
007287
007288
007289
007290
007292
007293
007295
007296
007297
007298
007299
007301
007302
007305
007306
007307
007308
007309
007310
007311
007312
007313
007314
007316
007317
007319
007320
007321
007322
007323
007324
007327
007328
007329
007330
007331
007332
007333
007334
007335
007336
007337
007338
007339
007340
007341
007345
007346
007347
007348
007349
007352
007353
007354
007355
007356
007357
007358
007359
007360
007361
007362
007363
007365
007366
007367
007368
007369
007370
007371
007372
007373
007375
007378
007379
007381
007382
007384
007385
007386
007387
007388
007389
007390
007392
007393
007394
007396
007398
007399
007400
007401
007402
007403
007404
007406
007407
007408
007410
007411
007413
007414
007416
007417
007418
007419
007420
007421
007423
007424
007425
007427
007428
007429
007430
007431
007432
007433
007434
007435
007438
007440
007441
007443
007444
007445
007446
007447
007449
007450
007451
007452
007453
007454
007455
007456
007457
007458
007459
007460
007461
007465
007466
007467
007469
007470
007471
007472
007474
007476
007477
007478
007479
007480
